0.0
0.0
0.0
0.0
0.0
0.0
0.0
0.0
2.0
2.0
2.0
2.0
2.0
2.0
2.0
2.0
0.96
0.92
0.96
0.93
0.93
0.93
0.89
0.81
0.81
0.85
0.75
0.75
0.81
0.85
0.84
0.81
0.85
0.81
1.0
1.0
1.0
0.80
0.80
0.81
0.81
0.82
0.82
0.82
0.70
1.0
1.0
0.88
0.88
0.82
0.71
0.71
0.88
0.75
0.70
0.71
0.71
0.84
0.89
0.81
0.81
0.85
0.78
0.89
0.80
0.76
0.72
0.80
0.88
0.88
0.82
0.80
0.80
0.80
0.80
0.80
0.80
0.80
0.80
0.80
0.80
0.80
0.80
0.80
0.80
0.80
0.80
